121
155
168
146
128
101
92
103
126
164
176
198
160
112
106
151
120
176
227
198
223
202
163
143
195
223
259
291
282
246
242
238
251
288
281
336
317
300
276
230
227
250
258
284
264
267
224
172
177
173
177
217
224
182
141
133
109
128
134
162
208
198
143
147
128
105
120
132
162
182
162
135
118
126
110
138
171
182
197
149
134
138
134
135
161
174
185
143
160
105
111
132
144
194
194
169
149
118
110
114
151
183
180
185
133
142
97
97
135
174
186
198
164
135
115
135
129
193
211
179
188
142
125
95
126
188
173
204
188
154
147
111
122
149
190
190
220
150
135
136
112
140
156
174
191
190
146
126
111
137
135
177
181
158
148
72
69
66
76
139
160
183
237
278
365
512
673
871
1018
1213
1343
1379
1416
1397
1361
1264
1159
984
825
586
411
230
106
50
29
-10
24
6
5
13
17
78
127
152
201
198
148
135
121
131
158
176
208
187
176
135
110
122
158
179
191
220
163
165
142
137
155
166
192
228
202
167
129
116
126
159
192
210
214
200
165
117
129
152
206
223
207
192
168
152
160
169
195
229
230
224
192
186
181
180
239
248
268
276
263
230
210
213
251
291
315
312
292
282
259
253
290
333
362
388
364
346
359
355
369
419
430
469
458
461
426
405
445
455
481
539
532
498
483
465
457
480
520
558
563
531
518
499
460
489
505
525
536
532
475
456
429
432
446
460
502
438
446
407
371
362
376
381
398
394
379
341
287
281
278
293
318
314
289
278
253
215
228
244
247
261
246
239
208
176
160
183
218
237
238
217
195
141
134
141
172
220
204
194
155
153
128
150
172
171
201
215
168
159
95
122
133
183
189
208
189
144
138
124
112
164
179
202
191
174
144
108
116
143
188
189
195
181
141
140
110
142
169
190
168
174
128
117
113
154
162
168
195
189
159
129
106
123
145
179
200
197
167
134
124
103
102
140
162
196
175
154
125
122
135
160
188
208
205
155
144
102
109
159
170
168
172
157
123
124
107
135
163
181
191
206
176
114
142
180
211
265
257
265
233
205
221
225
293
290
316
324
316
287
235
267
265
260
310
297
300
253
227
210
193
220
249
242
212
206
153
122
154
127
167
183
195
156
121
118
111
116
150
157
173
158
114
84
89
119
140
153
204
150
144
102
107
96
118
162
167
175
143
84
119
97
106
155
151
157
135
120
89
84
82
118
159
182
157
125
109
100
105
121
135
161
163
109
109
107
77
81
124
147
174
176
118
80
66
105
129
161
153
169
126
86
54
78
101
124
160
145
120
90
63
71
89
122
153
172
150
90
93
86
94
107
157
140
152
123
84
34
54
74
81
87
73
50
36
58
80
181
267
434
593
736
847
1000
1144
1255
1348
1404
1384
1321
1160
963
759
601
430
304
174
65
-2
-85
-121
-117
-72
-14
11
54
52
57
38
39
58
89
152
112
124
82
74
39
60
75
126
114
113
94
82
59
51
80
74
122
130
116
86
63
56
86
99
99
140
119
88
49
47
59
90
97
125
122
101
61
45
54
85
105
119
137
111
108
94
70
92
106
148
160
167
126
108
84
115
129
167
185
197
193
166
162
145
179
229
236
276
272
221
246
213
218
261
309
328
323
301
279
309
307
347
361
394
392
383
379
345
353
369
420
431
462
429
436
396
372
386
428
441
454
460
407
347
353
365
372
377
402
411
347
305
286
299
270
316
335
324
281
262
212
208
198
231
244
233
236
193
162
136
143
154
174
158
166
112
90
93
66
98
99
126
130
127
88
41
28
46
96
93
92
81
61
36
4
30
32
84
88
78
26
25
7
4
29
45
80
67
73
44
10
5
5
33
59
90
67
29
9
-13
0
20
34
56
62
61
-7
-2
10
21
38
59
75
69
31
-2
1
1
27
60
57
91
31
-2
-6
2
5
21
56
61
27
6
-17
-37
8
40
55
63
34
12
-5
-39
-23
-1
64
52
64
19
13
-10
-28
5
21
59
62
50
14
-19
-22
-11
43
34
38
21
19
-8
-23
-11
-1
45
71
36
11
4
-3
8
41
64
67
98
92
49
42
24
74
135
142
148
176
138
115
107
112
145
196
178
191
148
114
67
90
99
101
130
113
91
39
7
10
15
38
45
58
46
9
-29
-56
-37
-11
33
44
27
-8
-17
-42
-70
-3
5
37
29
-14
-34
-74
-62
-33
-5
10
20
8
-14
-55
-59
-60
-33
23
40
14
-18
-49
-45
-101
-3
-1
-14
44
-36
-64
-69
-63
-28
-18
0
12
-5
-12
-43
-73
-57
-48
9
13
9
-15
-32
-72
-61
-20
-12
8
39
-15
-24
-73
-74
-74
-14
11
9
-3
-27
-81
-72
-41
-37
-23
19
-2
-30
-63
-64
-76
-29
-16
14
10
-37
-47
-79
-71
-64
-61
-12
-52
-50
-70
-114
-143
-142
-98
-30
7
81
133
228
349
521
711
921
1060
1182
1247
1229
1180
1103
979
857
687
511
345
128
-28
-176
-199
-195
-218
-178
-189
-201
-187
-178
-139
-102
-67
-21
-9
-33
-66
-90
-83
-78
-32
-34
-34
-22
-71
-93
-106
-74
-63
-10
-5
-20
-30
-89
-92
-116
-71
-52
-6
-4
-44
-42
-101
-107
-81
-40
-9
-5
-34
-45
-90
-57
-66
-74
-28
-17
9
-52
-95
-69
-109
-52
-7
0
23
-8
-50
-54
-34
-29
8
35
31
10
11
4
-9
-14
42
83
105
97
75
44
42
70
80
118
165
168
169
142
112
145
158
201
221
245
226
186
215
181
205
238
300
302
300
283
255
236
244
285
283
306
323
296
257
266
218
248
276
287
284
266
254
198
190
183
218
241
230
222
178
142
121
116
129
128
140
123
96
80
39
25
65
78
60
67
42
19
-30
-39
-20
-5
3
27
13
-17
-70
-61
-77
-65
-25
-2
-8
-24
-79
-114
-103
-116
-65
-37
-35
-40
-76
-97
-110
-119
-68
-55
-34
-41
-82
-110
-117
-118
-69
-60
-56
-19
-62
-96
-99
-116
-102
-91
-75
-28
-55
-90
-115
-119
-102
-92
-53
-37
-58
-105
-116
-138
-103
-105
-76
-53
-37
-58
-108
-125
-124
-86
-99
-67
-16
-46
-107
-77
-116
-110
-67
-67
-50
-53
-73
-104
-121
-123
-90
-62
-47
-52
-76
-117
-104
-114
-92
-89
-57
-47
-57
-99
-95
-114
-110
-81
-59
-52
-81
-67
-104
-105
-106
-87
-55
-43
-47
-63
-87
-95
-79
-55
-46
14
19
19
-3
-46
-24
13
17
55
62
78
45
27
27
41
31
76
94
88
72
35
7
-11
-7
10
38
18
-7
-27
-58
-83
-69
-58
-34
-20
-47
-58
-100
-118
-111
-80
-88
-59
-34
-62
-103
-119
-115
-85
-79
-34
-38
-72
-96
-100
-107
-112
-71
-52
-45
-51
-95
-110
-129
-105
-90
-67
-32
-65
-80
-83
-111
-140
-100
-88
-54
-38
-59
-88
-123
-108
-104
-92
-53
-46
-58
-75
-85
-131
-109
-81
-56
-32
-46
-60
-94
-132
-131
-87
-76
-51
-32
-58
-77
-112
-132
-95
-90
-37
-33
-55
-67
-108
-127
-110
-79
-56
-49
-58
-66
-106
-115
-116
-88
-60
-32
-39
-60
-79
-107
-120
-94
-89
-65
-91
-111
-144
-168
-181
-151
-74
-8
99
198
317
431
562
738
910
1077
1190
1256
1229
1135
1011
869
708
535
402
215
71
-81
-190
-280
-307
-276
-219
-182
-174
-139
-151
-145
-143
-130
-53
-44
-22
-52
-74
-120
-119
-78
-58
-26
-22
-34
-51
-80
-103
-99
-65
-59
-31
-46
-62
-77
-92
-80
-85
-58
-30
-20
-17
-67
-105
-96
-86
-59
-34
7
-32
-69
-85
-98
-101
-62
-10
-24
-25
-19
-58
-79
-60
-58
-38
17
16
3
-43
-53
-48
-41
16
36
53
64
26
16
3
26
52
92
105
111
104
92
77
89
98
131
174
187
178
168
139
148
165
199
234
259
276
248
232
220
242
271
306
321
326
294
274
272
257
280
320
340
342
321
303
257
256
257
290
313
313
309
273
225
208
206
230
222
262
220
213
175
137
135
123
148
160
161
157
123
73
59
84
76
93
118
85
47
34
19
-4
21
56
50
65
45
-20
-46
-55
-26
-8
41
20
9
-12
-54
-54
-36
20
14
2
19
-12
-39
-62
-45
-35
0
18
15
-12
-24
-43
-38
-41
-10
15
7
12
-30
-45
-75
-42
-6
-1
14
5
-20
-27
-57
-64
-38
-23
11
4
-17
-36
-65
-56
-30
-2
21
-6
3
-4
-19
-44
-40
-23
30
26
16
7
-72
-51
-62
-13
29
35
51
9
-6
-63
-43
-42
8
24
31
16
3
-32
-41
-29
8
25
28
46
5
-12
-19
-32
-1
25
62
83
55
50
23
19
46
111
135
138
135
109
67
97
100
143
164
193
175
162
140
116
96
112
140
179
183
119
76
75
43
58
82
88
86
72
34
-13
-15
3
22
60
55
76
28
-2
-25
-17
-13
39
81
67
15
9
-10
1
-7
59
57
52
27
17
-5
-30
4
31
53
55
57
53
-8
-33
-11
8
25
72
49
27
25
11
24
-7
46
49
72
54
2
9
-6
14
20
88
79
71
58
13
-13
17
26
69
75
101
54
17
8
-3
11
67
60
94
85
34
16
-6
30
29
84
85
66
43
29
-7
20
40
63
92
75
61
30
-2
8
12
53
61
72
53
34
-18
-41
-30
14
-6
38
42
71
76
135
243
391
575
740
946
1058
1155
1239
1300
1326
1317
1238
1118
904
701
479
302
162
81
-1
-25
-65
-107
-148
-110
-99
-45
22
46
87
73
79
31
28
74
59
109
110
112
106
35
49
64
91
106
125
96
104
41
27
41
62
104
114
107
83
81
53
30
72
91
100
111
123
99
67
41
70
98
91
142
130
131
100
62
76
98
122
133
142
126
120
90
82
103
151
170
171
162
171
128
140
124
194
223
244
212
214
183
172
177
219
257
308
299
292
289
264
262
302
329
351
391
389
359
343
340
384
405
435
468
467
440
424
408
412
452
461
483
500
466
455
427
447
427
478
482
493
479
442
412
397
395
429
450
440
418
397
359
313
332
334
341
379
349
348
304
267
270
275
273
312
289
285
232
189
193
188
228
252
222
229
205
166
146
148
146
210
214
193
167
155
123
120
139
163
160
182
176
147
107
102
129
158
172
191
175
153
116
93
128
151
159
182
177
155
126
117
89
113
161
176
196
166
141
109
119
126
129
178
196
174
158
137
104
116
130
172
173
191
180
122
127
110
121
156
183
184
187
142
124
136
122
146
175
205
182
161
121
110
131
126
152
187
186
167
138
120
113
154
177
190
208
151
158
140
115
141
156
197
192
212
178
155
140
164
183
226
233
252
250
230
167
207
215
267
298
326
310
282
278
256
276
311
342
359
348
310
287
264
262
260
305
317
308
271
244
207
186
202
218
230
250
218
197
181
159
145
175
215
224
225
178
138
126
157
168
205
210
204
199
146
146
158
131
176
211
212
200
200
140
136
140
163
212
200
195
186
164
131
138
152
207
220
218
181
177
140
155
156
197
208
235
193
183
139
140
165
171
218
235
193
197
176
138
143
157
195
238
219
208
166
151
165
185
201
220
219
222
183
174
130
158
189
224
215
220
208
172
156
148
179
199
242
234
209
180
170
178
171
198
221
232
199
155
121
97
82
142
162
216
252
309
386
508
637
843
1001
1184
1327
1433
1446
1432
1423
1323
1234
1084
902
706
484
293
178
86
62
59
42
44
46
62
50
114
119
205
220
230
215
154
159
160
196
210
252
263
232
199
159
170
171
219
213
235
245
229
189
180
172
215
227
249
244
217
196
173
174
161
207
236
230
222
214
184
184
196
226
243
273
242
240
208
192
191
209
249
252
284
247
222
187
199
266
260
308
291
280
273
254
243
269
294
352
382
369
322
323
304
318
366
397
425
432
408
387
384
392
428
472
492
511
513
479
469
466
479
502
540
583
547
567
513
488
512
517
555
597
575
554
542
520
521
533
555
582
587
556
527
457
467
495
490
522
523
495
473
425
399
395
405
423
439
434
398
359
365
332
313
357
373
409
348
333
270
249
251
297
296
307
306
265
238
201
189
253
277
275
274
238
214
222
210
209
210
261
256
237
212
208
176
198
218
244
259
236
199
205
151
178
220
231
253
250
236
208
153
184
186
207
226
248
222
201
174
168
187
219
246
263
232
200
180
159
154
191
231
256
239
231
189
138
149
189
191
220
224
223
200
151
171
175
186
230
232
223
191
178
159
164
189
223
236
213
215
174
177
167
192
203
244
225
223
183
175
180
176
181
218
275
240
195
187
162
198
192
218
240
236
213
181
170
186
197
227
247
283
284
233
218
214
256
295
320
325
344
324
304
278
288
309
375
395
359
346
313
307
290
319
318
321
325
298
283
259
224
214
244
242
265
232
226
185
177
178
183
229
219
261
190
185
168
153
156
188
208
225
219
186
155
128
178
182
207
227
195
188
157
142
164
157
201
213
215
206
165
141
114
171
171
208
209
176
176
143
145
158
186
211
224
220
186
156
135
146
172
201
211
237
208
150
138
156
144
169
239
207
172
158
136
142
145
155
163
217
202
190
139
127
129
152
193
201
184
198
156
139
145
145
174
187
215
170
163
140
108
150
137
169
192
185
124
109
82
62
85
128
165
169
195
247
313
461
613
794
997
1158
1287
1364
1415
1388
1383
1331
1200
1043
852
644
451
266
156
75
43
15
-2
-29
-51
-21
-20
54
115
149
133
154
143
129
112
119
153
196
187
159
145
113
92
103
168
151
176
214
165
133
113
107
117
156
182
161
159
116
99
107
108
138
136
165
158
126
120
104
119
149
180
187
184
165
121
116
106
118
142
160
194
176
149
121
122
132
177
216
218
232
189
152
181
151
199
251
281
270
250
261
233
241
260
300
328
337
310
296
304
310
319
340
392
416
388
411
383
352
377
405
460
462
459
455
419
426
415
423
460
488
496
465
441
431
432
421
452
502
485
444
443
404
374
363
403
381
419
409
375
343
298
308
346
319
349
342
317
271
241
225
235
252
278
257
251
213
189
136
166
174
207
206
195
162
130
84
100
110
142
152
167
142
90
83
80
91
95
112
154
135
91
62
55
69
77
91
104
114
91
57
65
27
55
118
105
120
120
73
52
30
40
58
101
120
129
73
65
46
31
63
92
93
105
76
53
32
31
43
66
81
118
91
74
34
26
35
60
95
100
106
85
55
41
14
66
81
100
87
70
18
29
17
32
83
90
84
79
71
22
24
18
59
83
92
77
53
5
-8
-2
21
65
81
72
77
30
22
-8
33
69
86
82
69
49
21
25
16
68
91
106
97
91
44
32
58
81
130
176
161
150
145
118
132
141
179
201
223
210
185
155
137
154
188
193
181
168
148
97
76
72
97
132
105
125
95
50
16
20
26
48
48
77
70
5
-16
-22
-9
12
62
82
51
14
-5
-37
-21
11
41
58
44
29
-7
-14
-22
11
24
33
34
34
-25
-28
-40
-30
8
21
26
42
5
-15
-34
-24
-5
28
60
41
22
-13
-59
-40
-4
14
26
41
7
0
-40
-42
-44
-3
-7
29
15
-11
-72
-56
-39
-30
15
39
29
9
-23
-41
-58
-42
-13
28
15
5
-25
-44
-48
-36
-38
14
22
15
-18
-52
-47
-56
-16
-3
15
3
-14
-37
-79
-86
-62
-79
-64
-51
-89
-77
-88
-42
60
160
300
454
632
777
886
1038
1140
1231
1285
1231
1166
979
785
581
417
260
135
19
-77
-149
-221
-255
-259
-227
-147
-105
-71
-68
-71
-76
-93
-89
-77
-31
1
-24
-13
-57
-65
-85
-92
-42
-22
-19
-19
-65
-97
-97
-67
-53
-34
-16
-7
-41
-69
-86
-106
-64
-21
-41
-40
-51
-77
-89
-106
-66
-15
-25
-29
-32
-49
-78
-79
-78
-42
14
-8
-11
-29
-31
-64
-65
-45
9
14
35
-4
-33
-60
-34
-38
34
31
38
50
40
8
17
31
71
117
110
120
77
97
70
89
118
152
197
201
175
182
159
174
159
211
262
248
249
219
216
203
212
277
295
310
298
281
250
206
256
276
277
279
281
256
238
203
193
220
234
263
249
246
216
157
132
138
170
185
155
166
119
88
60
51
50
71
96
87
57
23
-20
-36
3
20
21
39
-6
-26
-58
-83
-62
-61
-23
-15
-41
-50
-76
-110
-106
-89
-61
-49
-47
-74
-83
-129
-141
-133
-73
-45
-72
-68
-98
-131
-155
-124
-87
-60
-58
-64
-123
-123
-139
-145
-117
-95
-89
-65
-72
-135
-145
-165
-127
-109
-79
-61
-85
-119
-155
-145
-154
-98
-85
-87
-102
-114
-143
-149
-162
-116
-127
-77
-89
-101
-118
-143
-152
-122
-92
-67
-87
-87
-115
-151
-148
-147
-139
-78
-89
-112
-78
-158
-154
-169
-138
-112
-97
-77
-82
-138
-181
-174
-153
-112
-94
-58
-100
-116
-153
-159
-148
-114
-89
-67
-79
-66
-112
-119
-116
-100
-62
-21
-14
-20
-43
-63
-20
-21
6
36
60
36
24
-14
-28
-30
23
20
48
15
-1
-33
-82
-87
-36
-37
-24
-59
-84
-106
-141
-156
-127
-127
-83
-95
-94
-133
-155
-156
-169
-147
-94
-76
-91
-161
-155
-189
-162
-152
-124
-106
-111
-141
-160
-175
-161
-154
-135
-112
-138
-123
-145
-180
-188
-199
-159
-128
-112
-149
-140
-168
-178
-183
-144
-103
-123
-123
-126
-152
-195
-163
-176
-138
-103
-89
-134
-142
-178
-203
-181
-161
-111
-124
-111
-142
-166
-186
-192
-153
-127
-116
-81
-147
-157
-177
-190
-165
-133
-116
-116
-126
-161
-163
-179
-176
-158
-126
-117
-120
-164
-180
-202
-192
-138
-135
-111
-119
-133
-178
-207
-218
-210
-166
-168
-184
-186
-206
-234
-200
-125
-24
114
257
401
576
665
798
965
1075
1147
1175
1089
977
793
600
412
274
99
-28
-124
-220
-331
-362
-394
-370
-306
-255
-222
-200
-201
-200
-223
-197
-192
-140
-108
-124
-133
-192
-203
-185
-166
-121
-112
-101
-142
-159
-201
-181
-185
-148
-154
-144
-101
-107
-172
-174
-195
-182
-113
-116
-118
-117
-170
-201
-205
-169
-128
-118
-109
-132
-157
-156
-184
-178
-120
-114
-99
-107
-147
-158
-164
-163
-119
-110
-73
-80
-80
-98
-119
-129
-106
-72
-54
-19
-64
-65
-60
-100
-55
-16
4
19
11
9
-15
-29
15
26
80
93
117
101
91
47
64
112
131
166
190
172
155
133
127
133
176
220
225
229
196
179
151
150
198
202
224
228
182
163
137
134
148
168
189
208
195
137
93
68
74
99
133
111
109
63
43
2
-6
9
59
47
50
11
-23
-65
-71
-71
-49
-22
-25
-44
-68
-87
-135
-111
-100
-90
-34
-76
-109
-126
-126
-149
-101
-105
-76
-101
-125
-142
-153
-178
-144
-122
-107
-90
-125
-132
-174
-172
-166
-140
-155
-109
-123
-131
-169
-202
-170
-155
-124
-99
-103
-104
-146
-178
-176
-164
-138
-98
-83
-120
-140
-183
-173
-180
-139
-108
-85
-134
-116
-149
-173
-177
-137
-98
-104
-85
-112
-138
-165
-176
-172
-134
-96
-101
-137
-149
-181
-174
-154
-134
-127
-101
-118
-132
-150
-173
-168
-125
-125
-82
-100
-88
-143
-189
-172
-163
-91
-99
-68
-85
-135
-161
-136
-134
-97
-61
-78
-46
-49
-103
-79
-77
-55
2
25
48
11
10
-22
-14
-2
21
67
59
36
19
-6
-46
-15
-25
6
17
-52
-57
-88
-103
-108
-121
-73
-74
-69
-92
-118
-150
-149
-139
-101
-98
-79
-108
-128
-147
-170
-148
-124
-67
-75
-82
-124
-172
-165
-171
-125
-95
-77
-82
-113
-140
-148
-130
-132
-101
-59
-76
-103
-115
-125
-143
-139
-136
-104
-69
-86
-108
-124
-166
-153
-107
-106
-58
-70
-97
-123
-141
-139
-152
-83
-71
-55
-79
-86
-146
-127
-144
-100
-66
-65
-98
-98
-134
-133
-149
-120
-92
-69
-66
-81
-111
-154
-150
-128
-95
-77
-70
-61
-101
-144
-134
-131
-77
-79
-64
-71
-106
-116
-138
-130
-113
-87
-58
-82
-143
-159
-180
-229
-192
-123
-59
-6
61
148
227
361
543
741
928
1082
1186
1198
1155
1093
1007
903
751
566
382
193
18
-129
-228
-265
-258
-236
-233
-210
-192
-209
-190
-176
-106
-82
-41
-36
-88
-114
-115
-130
-89
-64
-42
-67
-58
-64
-119
-133
-87
-77
-42
-45
-69
-77
-114
-133
-98
-39
-33
-33
-5
-87
-87
-87
-115
-75
-56
-33
-25
-71
-91
-98
-120
-84
-67
-41
-5
-29
-59
-85
-83
-77
-50
1
-3
15
-30
-39
-56
-43
-17
22
55
31
43
-1
-34
1
28
61
82
89
86
75
52
43
74
104
143
182
159
162
132
136
137
179
210
252
234
242
206
201
210
249
256
284
331
303
262
256
250
264
303
309
343
328
306
287
271
281
259
312
331
307
287
268
221
230
225
253
274
247
241
193
178
142
145
158
185
196
172
164
95
65
71
93
95
137
109
104
64
28
12
13
41
54
55
51
19
-34
-33
-28
23
5
63
35
-30
-38
-42
-52
-25
34
19
8
10
-48
-45
-49
-16
-4
12
20
30
-24
-53
-60
-41
-24
-4
13
1
-15
-49
-60
-53
-24
-10
41
34
5
-22
-66
-60
-40
-22
15
52
11
0
-26
-64
-39
-17
27
34
40
-3
-24
-57
-61
-11
12
36
45
11
-12
-31
-47
-33
28
33
37
7
-7
-31
-55
-22
-6
-2
31
40
-7
4
-35
-8
-23
5
36
22
11
6
-37
-54
-11
31
18
31
33
-8
-19
-6
-13
29
61
63
56
61
28
22
32
64
106
118
144
115
135
101
103
113
175
184
206
177
135
149
127
124
174
172
192
141
123
86
53
51
79
96
107
94
85
22
11
-1
13
19
66
62
55
59
-3
-9
-12
26
50
54
44
35
-7
-26
7
33
33
76
42
29
-3
-15
-11
-7
32
50
70
54
41
-23
3
16
24
53
75
74
12
3
-2
-1
23
33
65
65
38
33
-6
-14
39
51
71
74
52
22
-8
-7
-8
49
57
89
59
49
-1
-7
0
33
45
96
77
55
9
9
17
12
45
74
79
56
44
27
4
7
32
102
80
83
31
14
20
2
27
70
75
86
46
17
-3
-29
-31
-4
5
15
15
12
41
78
191
349
501
675
818
966
1077
1169
1283
1337
1341
1273
1180
992
766
582
399
235
118
50
-28
-55
-147
-139
-154
-114
-65
2
28
46
23
-4
8
37
50
76
129
69
79
36
26
14
35
75
94
93
70
67
30
9
16
68
88
107
127
81
42
7
53
59
117
97
90
102
59
50
20
39
72
76
109
79
75
49
32
63
88
132
153
125
106
82
85
54
92
115
147
153
130
121
106
103
132
185
198
190
188
166
175
151
166
200
243
264
262
265
232
228
253
288
309
359
352
333
331
312
318
338
379
402
421
410
396
391
367
396
420
463
485
451
413
391
402
399
406
464
457
452
427
412
361
378
382
414
424
417
398
354
310
308
303
338
355
351
337
296
259
220
227
244
264
273
262
255
194
172
154
170
178
198
199
166
150
107
91
138
149
183
166
151
130
98
71
69
107
108
150
136
126
98
70
46
59
87
122
115
116
76
54
51
68
81
112
134
119
92
74
39
65
106
111
121
107
97
78
51
50
68
93
122
118
113
86
75
40
70
99
113
121
136
78
56
37
47
76
126
122
151
115
69
47
54
71
86
115
110
134
86
55
42
56
72
119
139
140
104
75
65
54
64
119
120
125
93
89
64
35
72
113
122
129
125
82
59
60
51
83
98
155
124
110
55
70
58
104
116
126
153
123
83
60
88
107
146
177
186
185
169
142
150
172
214
210
252
261
260
225
212
237
228
282
282
256
220
202
184
163
178
220
212
231
192
159
109
95
101
121
152
167
168
101
77
71
63
69
122
120
129
125
83
60
68
67
102
119
136
95
72
57
54
82
76
113
130
104
83
41
54
43
91
110
122
113
105
68
56
61
57
90
134
141
97
70
44
48
41
85
111
117
116
90
56
65
45
74
95
133
106
100
57
26
37
56
99
106
97
82
79
57
44
49
85
86
97
94
84
67
29
36
78
94
120
117
79
86
33
64
66
92
94
122
100
69
29
43
52
42
74
80
66
26
-14
-25
6
28
117
210
296
377
484
613
791
948
1127
1271
1397
1404
1329
1222
1103
962
812
630
471
321
149
-4
-77
-117
-98
-96
-66
-36
-16
-44
-26
-8
40
57
92
110
83
53
60
35
56
77
94
100
92
64
35
18
42
45
103
113
111
84
56
25
18
41
60
105
93
97
69
38
20
29
58
83
107
97
96
67
48
34
44
94
108
111
96
72
22
59
76
90
134
128
119
92
63
51
116
123
149
187
141
138
111
103
122
147
167
203
210
202
175
171
178
182
233
281
292
265
277
258
278
293